image_width: 1920
image_height: 1280
camera_name: camera
camera_matrix:
  rows: 3
  cols: 3
  data: [297.189841, 0.000000, 363.614683, 0.000000, 309.466647, 268.003944, 0.000000, 0.000000, 1.000000]
distortion_model: plumb_bob
distortion_coefficients:
  rows: 1
  cols: 5
  data: [-0.130284, 0.011396, -0.000738, -0.000092, 0.000000]
rectification_matrix:
  rows: 3
  cols: 3
  data: [1.000000, 0.000000, 0.000000, 0.000000, 1.000000, 0.000000, 0.000000, 0.000000, 1.000000]
projection_matrix:
  rows: 3
  cols: 4
  data: [221.130844, 0.000000, 373.670860, 0.000000, 0.000000, 265.967377, 259.232878, 0.000000, 0.000000, 0.000000, 1.000000, 0.000000]
